Division Number: 8
Division Date: 17/07/2017

Business of the House (Private Members' Bills): Amendment (a)

Aye Count: 285
Noes Count: 315

Members recorded
Member,Party,Constituency,Vote,Proxy Member
"Diane Abbott","Labour","Hackney North and Stoke Newington","Aye",""
"Debbie Abrahams","Labour","Oldham East and Saddleworth","Aye",""
"Nigel Adams","Conservative","Selby and Ainsty","Teller - Noes",""
"Bim Afolami","Conservative","Hitchin and Harpenden","No",""
"Adam Afriyie","Conservative","Windsor","No",""
"Peter Aldous","Conservative","Waveney","No",""
"Heidi Alexander","Labour","Lewisham East","Aye",""
"Rushanara Ali","Labour","Bethnal Green and Bow","Aye",""
"Lucy Allan","Conservative","Telford","No",""
"Heidi Allen","Conservative","South Cambridgeshire","No",""
"Rosena Allin-Khan","Labour","Tooting","Aye",""
"Mike Amesbury","Labour","Weaver Vale","Aye",""
"David Amess","Conservative","Southend West","No",""
"Stuart Andrew","Conservative","Pudsey","No",""
"Tonia Antoniazzi","Labour","Gower","Aye",""
"Edward Argar","Conservative","Charnwood","No",""
"Jonathan Ashworth","Labour","Leicester South","Aye",""
"Victoria Atkins","Conservative","Louth and Horncastle","No",""
"Ian Austin","Labour","Dudley North","Aye",""
"Richard Bacon","Conservative","South Norfolk","No",""
"Kemi Badenoch","Conservative","Saffron Walden","No",""
"Adrian Bailey","Labour","West Bromwich West","Aye",""
"Steve Baker","Conservative","Wycombe","No",""
"Harriett Baldwin","Conservative","West Worcestershire","No",""
"Stephen Barclay","Conservative","North East Cambridgeshire","No",""
"Hannah Bardell","Scottish National Party","Livingston","No Vote Recorded",""
"John Baron","Conservative","Basildon and Billericay","No",""
"Kevin Barron","Labour","Rother Valley","Aye",""
"Guto Bebb","Conservative","Aberconwy","No",""
"Margaret Beckett","Labour","Derby South","Aye",""
"Henry Bellingham","Conservative","North West Norfolk","No",""
"Hilary Benn","Labour","Leeds Central","No Vote Recorded",""
"Richard Benyon","Conservative","Newbury","No",""
"John Bercow","Speaker","Buckingham","No Vote Recorded",""
"Paul Beresford","Conservative","Mole Valley","No",""
"Luciana Berger","Labour","Liverpool, Wavertree","No Vote Recorded",""
"Jake Berry","Conservative","Rossendale and Darwen","No",""
"Clive Betts","Labour","Sheffield South East","Aye",""
"Mhairi Black","Scottish National Party","Paisley and Renfrewshire South","No Vote Recorded",""
"Ian Blackford","Scottish National Party","Ross, Skye and Lochaber","Aye",""
"Bob Blackman","Conservative","Harrow East","No",""
"Kirsty Blackman","Scottish National Party","Aberdeen North","Aye",""
"Roberta Blackman-Woods","Labour","City of Durham","No Vote Recorded",""
"Paul Blomfield","Labour","Sheffield Central","Aye",""
"Crispin Blunt","Conservative","Reigate","No",""
"Nick Boles","Conservative","Grantham and Stamford","No Vote Recorded",""
"Peter Bone","Conservative","Wellingborough","No Vote Recorded",""
"Peter Bottomley","Conservative","Worthing West","No",""
"Andrew Bowie","Conservative","West Aberdeenshire and Kincardine","No",""
"Tracy Brabin","Labour","Batley and Spen","Aye",""
"Ben Bradley","Conservative","Mansfield","No",""
"Karen Bradley","Conservative","Staffordshire Moorlands","No",""
"Ben Bradshaw","Labour","Exeter","Aye",""
"Mickey Brady","Sinn F?in","Newry and Armagh","No Vote Recorded",""
"Graham Brady","Conservative","Altrincham and Sale West","No",""
"Tom Brake","Liberal Democrat","Carshalton and Wallington","No Vote Recorded",""
"Suella Fernandes","Conservative","Fareham","No",""
"Kevin Brennan","Labour","Cardiff West","Aye",""
"Jack Brereton","Conservative","Stoke-on-Trent South","No",""
"Andrew Bridgen","Conservative","North West Leicestershire","No",""
"Steve Brine","Conservative","Winchester","No",""
"Deidre Brock","Scottish National Party","Edinburgh North and Leith","No Vote Recorded",""
"James Brokenshire","Conservative","Old Bexley and Sidcup","No",""
"Alan Brown","Scottish National Party","Kilmarnock and Loudoun","Aye",""
"Lyn Brown","Labour","West Ham","Aye",""
"Nicholas Brown","Labour","Newcastle upon Tyne East","Aye",""
"Fiona Bruce","Conservative","Congleton","No",""
"Chris Bryant","Labour","Rhondda","Aye",""
"Karen Buck","Labour","Westminster North","Aye",""
"Robert Buckland","Conservative","South Swindon","No",""
"Richard Burden","Labour","Birmingham, Northfield","Aye",""
"Alex Burghart","Conservative","Brentwood and Ongar","No",""
"Richard Burgon","Labour","Leeds East","Aye",""
"Conor Burns","Conservative","Bournemouth West","No",""
"Alistair Burt","Conservative","North East Bedfordshire","No",""
"Dawn Butler","Labour","Brent Central","Aye",""
"Liam Byrne","Labour","Birmingham, Hodge Hill","Aye",""
"Vince Cable","Liberal Democrat","Twickenham","No Vote Recorded",""
"Ruth Cadbury","Labour","Brentford and Isleworth","Aye",""
"Alun Cairns","Conservative","Vale of Glamorgan","No",""
"Lisa Cameron","Scottish National Party","East Kilbride, Strathaven and Lesmahagow","Aye",""
"Gregory Campbell","Democratic Unionist Party","East Londonderry","No",""
"Ronnie Campbell","Labour","Blyth Valley","Aye",""
"Alan Campbell","Labour","Tynemouth","Aye",""
"Dan Carden","Labour","Liverpool, Walton","Aye",""
"Alistair Carmichael","Liberal Democrat","Orkney and Shetland","Aye",""
"James Cartlidge","Conservative","South Suffolk","No",""
"William Cash","Conservative","Stone","No",""
"Maria Caulfield","Conservative","Lewes","No",""
"Alex Chalk","Conservative","Cheltenham","No",""
"Sarah Champion","Labour","Rotherham","Aye",""
"Douglas Chapman","Scottish National Party","Dunfermline and West Fife","Aye",""
"Jenny Chapman","Labour","Darlington","Aye",""
"Bambos Charalambous","Labour","Enfield, Southgate","Aye",""
"Joanna Cherry","Scottish National Party","Edinburgh South West","Aye",""
"Rehman Chishti","Conservative","Gillingham and Rainham","No",""
"Christopher Chope","Conservative","Christchurch","No",""
"Jo Churchill","Conservative","Bury St Edmunds","No",""
"Colin Clark","Conservative","Gordon","No",""
"Greg Clark","Conservative","Tunbridge Wells","No",""
"Kenneth Clarke","Conservative","Rushcliffe","No Vote Recorded",""
"Simon Clarke","Conservative","Middlesbrough South and East Cleveland","No",""
"James Cleverly","Conservative","Braintree","No",""
"Geoffrey Clifton-Brown","Conservative","The Cotswolds","No",""
"Ann Clwyd","Labour","Cynon Valley","Aye",""
"Vernon Coaker","Labour","Gedling","Aye",""
"Ann Coffey","Labour","Stockport","Aye",""
"Th?r?se Coffey","Conservative","Suffolk Coastal","No",""
"Damian Collins","Conservative","Folkestone and Hythe","No",""
"Julie Cooper","Labour","Burnley","Aye",""
"Rosie Cooper","Labour","West Lancashire","Aye",""
"Yvette Cooper","Labour","Normanton, Pontefract and Castleford","Aye",""
"Jeremy Corbyn","Labour","Islington North","Aye",""
"Alberto Costa","Conservative","South Leicestershire","No",""
"Robert Courts","Conservative","Witney","No",""
"Ronnie Cowan","Scottish National Party","Inverclyde","No Vote Recorded",""
"Geoffrey Cox","Conservative","Torridge and West Devon","No",""
"Neil Coyle","Labour","Bermondsey and Old Southwark","Aye",""
"Stephen Crabb","Conservative","Preseli Pembrokeshire","No",""
"David Crausby","Labour","Bolton North East","Aye",""
"Angela Crawley","Scottish National Party","Lanark and Hamilton East","No Vote Recorded",""
"Mary Creagh","Labour","Wakefield","Aye",""
"Stella Creasy","Labour","Walthamstow","Aye",""
"Tracey Crouch","Conservative","Chatham and Aylesford","No",""
"Jon Cruddas","Labour","Dagenham and Rainham","Aye",""
"John Cryer","Labour","Leyton and Wanstead","Aye",""
"Judith Cummins","Labour","Bradford South","Aye",""
"Alex Cunningham","Labour","Stockton North","Aye",""
"Jim Cunningham","Labour","Coventry South","Aye",""
"Nic Dakin","Labour","Scunthorpe","Aye",""
"Edward Davey","Liberal Democrat","Kingston and Surbiton","No Vote Recorded",""
"Wayne David","Labour","Caerphilly","Aye",""
"Chris Davies","Conservative","Brecon and Radnorshire","No",""
"David T. C. Davies","Conservative","Monmouth","No",""
"Geraint Davies","Labour","Swansea West","Aye",""
"Glyn Davies","Conservative","Montgomeryshire","No",""
"Mims Davies","Conservative","Eastleigh","No",""
"Philip Davies","Conservative","Shipley","No",""
"David Davis","Conservative","Haltemprice and Howden","No",""
"Martyn Day","Scottish National Party","Linlithgow and East Falkirk","Aye",""
"Marsha De Cordova","Labour","Battersea","Aye",""
"Gloria De Piero","Labour","Ashfield","Aye",""
"Thangam Debbonaire","Labour","Bristol West","Teller - Ayes",""
"Emma Dent Coad","Labour","Kensington","Aye",""
"Tanmanjeet Singh Dhesi","Labour","Slough","Aye",""
"Caroline Dinenage","Conservative","Gosport","No",""
"Jonathan Djanogly","Conservative","Huntingdon","No",""
"Leo Docherty","Conservative","Aldershot","No",""
"Martin Docherty-Hughes","Scottish National Party","West Dunbartonshire","Aye",""
"Anneliese Dodds","Labour","Oxford East","Aye",""
"Nigel Dodds","Democratic Unionist Party","Belfast North","No",""
"Jeffrey M. Donaldson","Democratic Unionist Party","Lagan Valley","No",""
"Michelle Donelan","Conservative","Chippenham","No",""
"Nadine Dorries","Conservative","Mid Bedfordshire","No",""
"Steve Double","Conservative","St Austell and Newquay","No",""
"Stephen Doughty","Labour","Cardiff South and Penarth","Aye",""
"Peter Dowd","Labour","Bootle","Aye",""
"Oliver Dowden","Conservative","Hertsmere","No",""
"Jackie Doyle-Price","Conservative","Thurrock","No",""
"Richard Drax","Conservative","South Dorset","No",""
"David Drew","Labour","Stroud","Aye",""
"Jack Dromey","Labour","Birmingham, Erdington","Aye",""
"James Duddridge","Conservative","Rochford and Southend East","No",""
"Rosie Duffield","Labour","Canterbury","Aye",""
"David Duguid","Conservative","Banff and Buchan","No",""
"Iain Duncan Smith","Conservative","Chingford and Woodford Green","No",""
"Alan Duncan","Conservative","Rutland and Melton","No",""
"Philip Dunne","Conservative","Ludlow","No",""
"Maria Eagle","Labour","Garston and Halewood","Aye",""
"Angela Eagle","Labour","Wallasey","Aye",""
"Jonathan Edwards","Plaid Cymru","Carmarthen East and Dinefwr","Aye",""
"Clive Efford","Labour","Eltham","Aye",""
"Julie Elliott","Labour","Sunderland Central","Aye",""
"Michael Ellis","Conservative","Northampton North","No",""
"Louise Ellman","Labour","Liverpool, Riverside","Aye",""
"Tobias Ellwood","Conservative","Bournemouth East","No",""
"Chris Elmore","Labour","Ogmore","Aye",""
"Charlie Elphicke","Conservative","Dover","No",""
"Bill Esterson","Labour","Sefton Central","Aye",""
"George Eustice","Conservative","Camborne and Redruth","No",""
"Chris Evans","Labour","Islwyn","Aye",""
"Nigel Evans","Conservative","Ribble Valley","No",""
"David Evennett","Conservative","Bexleyheath and Crayford","No",""
"Michael Fabricant","Conservative","Lichfield","No",""
"Michael Fallon","Conservative","Sevenoaks","No",""
"Paul Farrelly","Labour","Newcastle-under-Lyme","Aye",""
"Tim Farron","Liberal Democrat","Westmorland and Lonsdale","No Vote Recorded",""
"Marion Fellows","Scottish National Party","Motherwell and Wishaw","Aye",""
"Frank Field","Labour","Birkenhead","Aye",""
"Mark Field","Conservative","Cities of London and Westminster","No",""
"Jim Fitzpatrick","Labour","Poplar and Limehouse","Aye",""
"Colleen Fletcher","Labour","Coventry North East","Aye",""
"Caroline Flint","Labour","Don Valley","Aye",""
"Paul Flynn","Labour","Newport West","Aye",""
"Vicky Ford","Conservative","Chelmsford","No",""
"Kevin Foster","Conservative","Torbay","No",""
"Yvonne Fovargue","Labour","Makerfield","Aye",""
"Liam Fox","Conservative","North Somerset","No",""
"Vicky Foxcroft","Labour","Lewisham, Deptford","Aye",""
"Mark Francois","Conservative","Rayleigh and Wickford","No",""
"Lucy Frazer","Conservative","South East Cambridgeshire","No",""
"George Freeman","Conservative","Mid Norfolk","No",""
"Mike Freer","Conservative","Finchley and Golders Green","No",""
"James Frith","Labour","Bury North","Aye",""
"Gill Furniss","Labour","Sheffield, Brightside and Hillsborough","Aye",""
"Marcus Fysh","Conservative","Yeovil","No",""
"Hugh Gaffney","Labour","Coatbridge, Chryston and Bellshill","Aye",""
"Roger Gale","Conservative","North Thanet","No",""
"Mike Gapes","Labour","Ilford South","Aye",""
"Barry Gardiner","Labour","Brent North","Aye",""
"Mark Garnier","Conservative","Wyre Forest","No",""
"David Gauke","Conservative","South West Hertfordshire","No",""
"Ruth George","Labour","High Peak","Aye",""
"Stephen Gethins","Scottish National Party","North East Fife","Aye",""
"Nusrat Ghani","Conservative","Wealden","No",""
"Nick Gibb","Conservative","Bognor Regis and Littlehampton","No",""
"Patricia Gibson","Scottish National Party","North Ayrshire and Arran","Aye",""
"Michelle Gildernew","Sinn F?in","Fermanagh and South Tyrone","No Vote Recorded",""
"Preet Kaur Gill","Labour","Birmingham, Edgbaston","Aye",""
"Cheryl Gillan","Conservative","Chesham and Amersham","No",""
"Paul Girvan","Democratic Unionist Party","South Antrim","No",""
"John Glen","Conservative","Salisbury","No",""
"Mary Glindon","Labour","North Tyneside","Aye",""
"Roger Godsiff","Labour","Birmingham, Hall Green","Aye",""
"Zac Goldsmith","Conservative","Richmond Park","No",""
"Helen Goodman","Labour","Bishop Auckland","Aye",""
"Robert Goodwill","Conservative","Scarborough and Whitby","No",""
"Michael Gove","Conservative","Surrey Heath","No",""
"Patrick Grady","Scottish National Party","Glasgow North","Aye",""
"Luke Graham","Conservative","Ochil and South Perthshire","No",""
"Richard Graham","Conservative","Gloucester","No",""
"Bill Grant","Conservative","Ayr, Carrick and Cumnock","No",""
"Helen Grant","Conservative","Maidstone and The Weald","No",""
"Peter Grant","Scottish National Party","Glenrothes","Aye",""
"James Gray","Conservative","North Wiltshire","No",""
"Neil Gray","Scottish National Party","Airdrie and Shotts","Aye",""
"Chris Grayling","Conservative","Epsom and Ewell","No",""
"Chris Green","Conservative","Bolton West","No",""
"Damian Green","Conservative","Ashford","No",""
"Kate Green","Labour","Stretford and Urmston","Aye",""
"Justine Greening","Conservative","Putney","No",""
"Lilian Greenwood","Labour","Nottingham South","Aye",""
"Margaret Greenwood","Labour","Wirral West","Aye",""
"Dominic Grieve","Conservative","Beaconsfield","No",""
"Nia Griffith","Labour","Llanelli","Aye",""
"Andrew Griffiths","Conservative","Burton","No",""
"John Grogan","Labour","Keighley","Aye",""
"Andrew Gwynne","Labour","Denton and Reddish","Aye",""
"Sam Gyimah","Conservative","East Surrey","No",""
"Louise Haigh","Labour","Sheffield, Heeley","Aye",""
"Kirstene Hair","Conservative","Angus","No",""
"Robert Halfon","Conservative","Harlow","No",""
"Luke Hall","Conservative","Thornbury and Yate","No",""
"Fabian Hamilton","Labour","Leeds North East","Aye",""
"Philip Hammond","Conservative","Runnymede and Weybridge","No",""
"Stephen Hammond","Conservative","Wimbledon","No",""
"Matt Hancock","Conservative","West Suffolk","No",""
"Greg Hands","Conservative","Chelsea and Fulham","No",""
"David Hanson","Labour","Delyn","Aye",""
"Emma Hardy","Labour","Kingston upon Hull West and Hessle","Aye",""
"Harriet Harman","Labour","Camberwell and Peckham","Aye",""
"Mark Harper","Conservative","Forest of Dean","No",""
"Richard Harrington","Conservative","Watford","No",""
"Carolyn Harris","Labour","Swansea East","Aye",""
"Rebecca Harris","Conservative","Castle Point","No",""
"Trudy Harrison","Conservative","Copeland","No",""
"Simon Hart","Conservative","Carmarthen West and South Pembrokeshire","No",""
"Helen Hayes","Labour","Dulwich and West Norwood","Aye",""
"John Hayes","Conservative","South Holland and The Deepings","No",""
"Sue Hayman","Labour","Workington","Aye",""
"Chris Hazzard","Sinn F?in","South Down","No Vote Recorded",""
"Oliver Heald","Conservative","North East Hertfordshire","No",""
"John Healey","Labour","Wentworth and Dearne","Aye",""
"James Heappey","Conservative","Wells","No",""
"Chris Heaton-Harris","Conservative","Daventry","No",""
"Peter Heaton-Jones","Conservative","North Devon","No",""
"Gordon Henderson","Conservative","Sittingbourne and Sheppey","No",""
"Mark Hendrick","Labour","Preston","Aye",""
"Drew Hendry","Scottish National Party","Inverness, Nairn, Badenoch and Strathspey","Aye",""
"Stephen Hepburn","Labour","Jarrow","Aye",""
"Nick Herbert","Conservative","Arundel and South Downs","No",""
"Lady Hermon","Independent","North Down","Aye",""
"Mike Hill","Labour","Hartlepool","Aye",""
"Meg Hillier","Labour","Hackney South and Shoreditch","Aye",""
"Damian Hinds","Conservative","East Hampshire","No",""
"Simon Hoare","Conservative","North Dorset","No",""
"Wera Hobhouse","Liberal Democrat","Bath","No Vote Recorded",""
"Margaret Hodge","Labour","Barking","Aye",""
"Sharon Hodgson","Labour","Washington and Sunderland West","Aye",""
"Kate Hoey","Labour","Vauxhall","No Vote Recorded",""
"Kate Hollern","Labour","Blackburn","Aye",""
"George Hollingbery","Conservative","Meon Valley","No",""
"Kevin Hollinrake","Conservative","Thirsk and Malton","No",""
"Philip Hollobone","Conservative","Kettering","No",""
"Adam Holloway","Conservative","Gravesham","No",""
"Kelvin Hopkins","Labour","Luton North","Aye",""
"Stewart Hosie","Scottish National Party","Dundee East","No Vote Recorded",""
"George Howarth","Labour","Knowsley","Aye",""
"John Howell","Conservative","Henley","No",""
"Lindsay Hoyle","Deputy Speaker","Chorley","No Vote Recorded",""
"Nigel Huddleston","Conservative","Mid Worcestershire","No",""
"Eddie Hughes","Conservative","Walsall North","No",""
"Jeremy Hunt","Conservative","South West Surrey","No",""
"Rupa Huq","Labour","Ealing Central and Acton","Aye",""
"Nick Hurd","Conservative","Ruislip, Northwood and Pinner","No",""
"Imran Hussain","Labour","Bradford East","Aye",""
"Alister Jack","Conservative","Dumfries and Galloway","No",""
"Margot James","Conservative","Stourbridge","No",""
"Christine Jardine","Liberal Democrat","Edinburgh West","Aye",""
"Dan Jarvis","Labour","Barnsley Central","Aye",""
"Sajid Javid","Conservative","Bromsgrove","No",""
"Ranil Jayawardena","Conservative","North East Hampshire","No",""
"Bernard Jenkin","Conservative","Harwich and North Essex","No",""
"Andrea Jenkyns","Conservative","Morley and Outwood","No",""
"Robert Jenrick","Conservative","Newark","No",""
"Boris Johnson","Conservative","Uxbridge and South Ruislip","No Vote Recorded",""
"Diana Johnson","Labour","Kingston upon Hull North","Aye",""
"Caroline Johnson","Conservative","Sleaford and North Hykeham","No",""
"Gareth Johnson","Conservative","Dartford","No",""
"Joseph Johnson","Conservative","Orpington","No",""
"Andrew Jones","Conservative","Harrogate and Knaresborough","No",""
"Darren Jones","Labour","Bristol North West","Aye",""
"Gerald Jones","Labour","Merthyr Tydfil and Rhymney","Aye",""
"Graham P Jones","Labour","Hyndburn","Aye",""
"Helen Jones","Labour","Warrington North","Aye",""
"David Jones","Conservative","Clwyd West","No",""
"Kevan Jones","Labour","North Durham","Aye",""
"Marcus Jones","Conservative","Nuneaton","No",""
"Sarah Jones","Labour","Croydon Central","Aye",""
"Susan Elan Jones","Labour","Clwyd South","Aye",""
"Mike Kane","Labour","Wythenshawe and Sale East","Aye",""
"Daniel Kawczynski","Conservative","Shrewsbury and Atcham","No",""
"Gillian Keegan","Conservative","Chichester","No",""
"Barbara Keeley","Labour","Worsley and Eccles South","Aye",""
"Liz Kendall","Labour","Leicester West","Aye",""
"Seema Kennedy","Conservative","South Ribble","No",""
"Stephen Kerr","Conservative","Stirling","No",""
"Afzal Khan","Labour","Manchester, Gorton","No Vote Recorded",""
"Gerard Killen","Labour","Rutherglen and Hamilton West","Aye",""
"Stephen Kinnock","Labour","Aberavon","Aye",""
"Julian Knight","Conservative","Solihull","No Vote Recorded",""
"Greg Knight","Conservative","East Yorkshire","No",""
"Kwasi Kwarteng","Conservative","Spelthorne","No",""
"Peter Kyle","Labour","Hove","Aye",""
"Eleanor Laing","Deputy Speaker","Epping Forest","No Vote Recorded",""
"Lesley Laird","Labour","Kirkcaldy and Cowdenbeath","Aye",""
"Ben Lake","Plaid Cymru","Ceredigion","No Vote Recorded",""
"Norman Lamb","Liberal Democrat","North Norfolk","Aye",""
"David Lammy","Labour","Tottenham","Aye",""
"John Lamont","Conservative","Berwickshire, Roxburgh and Selkirk","No",""
"Mark Lancaster","Conservative","Milton Keynes North","No",""
"Pauline Latham","Conservative","Mid Derbyshire","No",""
"Ian Lavery","Labour","Wansbeck","Aye",""
"Chris Law","Scottish National Party","Dundee West","Aye",""
"Andrea Leadsom","Conservative","South Northamptonshire","No",""
"Phillip Lee","Conservative","Bracknell","No",""
"Karen Lee","Labour","Lincoln","Aye",""
"Jeremy Lefroy","Conservative","Stafford","No",""
"Edward Leigh","Conservative","Gainsborough","No",""
"Chris Leslie","Labour","Nottingham East","Aye",""
"Oliver Letwin","Conservative","West Dorset","No",""
"Emma Lewell-Buck","Labour","South Shields","Aye",""
"Andrew Lewer","Conservative","Northampton South","No",""
"Brandon Lewis","Conservative","Great Yarmouth","No",""
"Clive Lewis","Labour","Norwich South","Aye",""
"Julian Lewis","Conservative","New Forest East","No",""
"Ivan Lewis","Labour","Bury South","Aye",""
"Ian Liddell-Grainger","Conservative","Bridgwater and West Somerset","No",""
"David Lidington","Conservative","Aylesbury","No",""
"David Linden","Scottish National Party","Glasgow East","Aye",""
"Emma Little Pengelly","Democratic Unionist Party","Belfast South","No",""
"Stephen Lloyd","Liberal Democrat","Eastbourne","No Vote Recorded",""
"Tony Lloyd","Labour","Rochdale","Aye",""
"Rebecca Long Bailey","Labour","Salford and Eccles","Aye",""
"Julia Dockerill","Conservative","Hornchurch and Upminster","No",""
"Jack Lopresti","Conservative","Filton and Bradley Stoke","No",""
"Jonathan Lord","Conservative","Woking","No",""
"Tim Loughton","Conservative","East Worthing and Shoreham","No",""
"Caroline Lucas","Green Party","Brighton, Pavilion","Aye",""
"Ian C. Lucas","Labour","Wrexham","Aye",""
"Holly Lynch","Labour","Halifax","Aye",""
"Craig Mackinlay","Conservative","South Thanet","No",""
"Rachel Maclean","Conservative","Redditch","No",""
"Angus Brendan MacNeil","Scottish National Party","Na h-Eileanan an Iar","No Vote Recorded",""
"Justin Madders","Labour","Ellesmere Port and Neston","Aye",""
"Khalid Mahmood","Labour","Birmingham, Perry Barr","Aye",""
"Shabana Mahmood","Labour","Birmingham, Ladywood","Aye",""
"Anne Main","Conservative","St Albans","No",""
"Alan Mak","Conservative","Havant","No",""
"Seema Malhotra","Labour","Feltham and Heston","Aye",""
"Kit Malthouse","Conservative","North West Hampshire","No",""
"John Mann","Labour","Bassetlaw","Aye",""
"Scott Mann","Conservative","North Cornwall","No",""
"Gordon Marsden","Labour","Blackpool South","Aye",""
"Sandy Martin","Labour","Ipswich","Aye",""
"Rachael Maskell","Labour","York Central","Aye",""
"Paul Maskey","Sinn F?in","Belfast West","No Vote Recorded",""
"Paul Masterton","Conservative","East Renfrewshire","No",""
"Christian Matheson","Labour","City of Chester","Aye",""
"Theresa May","Conservative","Maidenhead","No Vote Recorded",""
"Paul Maynard","Conservative","Blackpool North and Cleveleys","No",""
"Steve McCabe","Labour","Birmingham, Selly Oak","Aye",""
"Elisha McCallion","Sinn F?in","Foyle","No Vote Recorded",""
"Kerry McCarthy","Labour","Bristol East","Aye",""
"Siobhain McDonagh","Labour","Mitcham and Morden","Aye",""
"Andy McDonald","Labour","Middlesbrough","Aye",""
"Stewart Malcolm McDonald","Scottish National Party","Glasgow South","Aye",""
"Stuart C. McDonald","Scottish National Party","Cumbernauld, Kilsyth and Kirkintilloch East","Aye",""
"John McDonnell","Labour","Hayes and Harlington","Aye",""
"Pat McFadden","Labour","Wolverhampton South East","Aye",""
"Conor McGinn","Labour","St Helens North","Aye",""
"Alison McGovern","Labour","Wirral South","Aye",""
"Liz McInnes","Labour","Heywood and Middleton","Aye",""
"Catherine McKinnell","Labour","Newcastle upon Tyne North","Aye",""
"Patrick McLoughlin","Conservative","Derbyshire Dales","No",""
"Jim McMahon","Labour","Oldham West and Royton","Aye",""
"Anna McMorrin","Labour","Cardiff North","Aye",""
"John McNally","Scottish National Party","Falkirk","Aye",""
"Stephen McPartland","Conservative","Stevenage","No",""
"Esther McVey","Conservative","Tatton","No",""
"Ian Mearns","Labour","Gateshead","Aye",""
"Mark Menzies","Conservative","Fylde","No",""
"Johnny Mercer","Conservative","Plymouth, Moor View","No",""
"Huw Merriman","Conservative","Bexhill and Battle","No",""
"Stephen Metcalfe","Conservative","South Basildon and East Thurrock","No",""
"Edward Miliband","Labour","Doncaster North","Aye",""
"Maria Miller","Conservative","Basingstoke","No",""
"Amanda Milling","Conservative","Cannock Chase","No",""
"Nigel Mills","Conservative","Amber Valley","No",""
"Anne Milton","Conservative","Guildford","No",""
"Andrew Mitchell","Conservative","Sutton Coldfield","No",""
"Francie Molloy","Sinn F?in","Mid Ulster","No Vote Recorded",""
"Carol Monaghan","Scottish National Party","Glasgow North West","No Vote Recorded",""
"Madeleine Moon","Labour","Bridgend","Aye",""
"Damien Moore","Conservative","Southport","No",""
"Layla Moran","Liberal Democrat","Oxford West and Abingdon","No Vote Recorded",""
"Penny Mordaunt","Conservative","Portsmouth North","No",""
"Jessica Morden","Labour","Newport East","Aye",""
"Nicky Morgan","Conservative","Loughborough","No",""
"Stephen Morgan","Labour","Portsmouth South","Aye",""
"Anne Marie Morris","Independent","Newton Abbot","No",""
"David Morris","Conservative","Morecambe and Lunesdale","No",""
"Grahame Morris","Labour","Easington","Aye",""
"James Morris","Conservative","Halesowen and Rowley Regis","No",""
"Wendy Morton","Conservative","Aldridge-Brownhills","No",""
"David Mundell","Conservative","Dumfriesshire, Clydesdale and Tweeddale","No",""
"Ian Murray","Labour","Edinburgh South","Aye",""
"Sheryll Murray","Conservative","South East Cornwall","No",""
"Andrew Murrison","Conservative","South West Wiltshire","No",""
"Lisa Nandy","Labour","Wigan","Aye",""
"Robert Neill","Conservative","Bromley and Chislehurst","No",""
"Gavin Newlands","Scottish National Party","Paisley and Renfrewshire North","Aye",""
"Sarah Newton","Conservative","Truro and Falmouth","No",""
"Caroline Nokes","Conservative","Romsey and Southampton North","No",""
"Jesse Norman","Conservative","Hereford and South Herefordshire","No",""
"Alex Norris","Labour","Nottingham North","Aye",""
"Neil O'Brien","Conservative","Harborough","No",""
"Matthew Offord","Conservative","Hendon","No",""
"Brendan O'Hara","Scottish National Party","Argyll and Bute","Aye",""
"Jared O'Mara","Labour","Sheffield, Hallam","Aye",""
"Fiona Onasanya","Labour","Peterborough","Aye",""
"Melanie Onn","Labour","Great Grimsby","Aye",""
"Chi Onwurah","Labour","Newcastle upon Tyne Central","Aye",""
"Guy Opperman","Conservative","Hexham","No",""
"Kate Osamor","Labour","Edmonton","Aye",""
"Albert Owen","Labour","Ynys M?n","Aye",""
"Ian Paisley","Democratic Unionist Party","North Antrim","No Vote Recorded",""
"Neil Parish","Conservative","Tiverton and Honiton","No",""
"Priti Patel","Conservative","Witham","No",""
"Owen Paterson","Conservative","North Shropshire","No",""
"Mark Pawsey","Conservative","Rugby","No",""
"Stephanie Peacock","Labour","Barnsley East","Aye",""
"Teresa Pearce","Labour","Erith and Thamesmead","Aye",""
"Mike Penning","Conservative","Hemel Hempstead","No",""
"Matthew Pennycook","Labour","Greenwich and Woolwich","Aye",""
"John Penrose","Conservative","Weston-super-Mare","No",""
"Andrew Percy","Conservative","Brigg and Goole","No",""
"Toby Perkins","Labour","Chesterfield","Aye",""
"Claire Perry","Conservative","Devizes","No",""
"Jess Phillips","Labour","Birmingham, Yardley","Aye",""
"Bridget Phillipson","Labour","Houghton and Sunderland South","Aye",""
"Chris Philp","Conservative","Croydon South","No",""
"Laura Pidcock","Labour","North West Durham","Aye",""
"Christopher Pincher","Conservative","Tamworth","No",""
"Jo Platt","Labour","Leigh","Aye",""
"Luke Pollard","Labour","Plymouth, Sutton and Devonport","Aye",""
"Dan Poulter","Conservative","Central Suffolk and North Ipswich","No",""
"Stephen Pound","Labour","Ealing North","Aye",""
"Rebecca Pow","Conservative","Taunton Deane","No",""
"Lucy Powell","Labour","Manchester Central","Aye",""
"Victoria Prentis","Conservative","Banbury","No",""
"Mark Prisk","Conservative","Hertford and Stortford","No",""
"Mark Pritchard","Conservative","The Wrekin","No",""
"Tom Pursglove","Conservative","Corby","No",""
"Jeremy Quin","Conservative","Horsham","No",""
"Will Quince","Conservative","Colchester","No",""
"Yasmin Qureshi","Labour","Bolton South East","Aye",""
"Dominic Raab","Conservative","Esher and Walton","No",""
"Faisal Rashid","Labour","Warrington South","Aye",""
"Angela Rayner","Labour","Ashton-under-Lyne","Aye",""
"John Redwood","Conservative","Wokingham","No",""
"Steve Reed","Labour","Croydon North","Aye",""
"Christina Rees","Labour","Neath","Aye",""
"Jacob Rees-Mogg","Conservative","North East Somerset","No",""
"Ellie Reeves","Labour","Lewisham West and Penge","Aye",""
"Rachel Reeves","Labour","Leeds West","Aye",""
"Emma Reynolds","Labour","Wolverhampton North East","No Vote Recorded",""
"Jonathan Reynolds","Labour","Stalybridge and Hyde","Aye",""
"Marie Rimmer","Labour","St Helens South and Whiston","Aye",""
"Laurence Robertson","Conservative","Tewkesbury","No",""
"Gavin Robinson","Democratic Unionist Party","Belfast East","No",""
"Mary Robinson","Conservative","Cheadle","No",""
"Geoffrey Robinson","Labour","Coventry North West","Aye",""
"Matt Rodda","Labour","Reading East","Aye",""
"Andrew Rosindell","Conservative","Romford","No Vote Recorded",""
"Douglas Ross","Conservative","Moray","No",""
"Danielle Rowley","Labour","Midlothian","Aye",""
"Lee Rowley","Conservative","North East Derbyshire","No",""
"Chris Ruane","Labour","Vale of Clwyd","Aye",""
"Amber Rudd","Conservative","Hastings and Rye","No",""
"Lloyd Russell-Moyle","Labour","Brighton, Kemptown","Aye",""
"David Rutley","Conservative","Macclesfield","Teller - Noes",""
"Joan Ryan","Labour","Enfield North","Aye",""
"Antoinette Sandbach","Conservative","Eddisbury","No",""
"Liz Saville Roberts","Plaid Cymru","Dwyfor Meirionnydd","No Vote Recorded",""
"Paul Scully","Conservative","Sutton and Cheam","No",""
"Bob Seely","Conservative","Isle of Wight","No",""
"Andrew Selous","Conservative","South West Bedfordshire","No",""
"Naz Shah","Labour","Bradford West","Aye",""
"Jim Shannon","Democratic Unionist Party","Strangford","No",""
"Grant Shapps","Conservative","Welwyn Hatfield","No",""
"Alok Sharma","Conservative","Reading West","No",""
"Virendra Sharma","Labour","Ealing, Southall","Aye",""
"Barry Sheerman","Labour","Huddersfield","Aye",""
"Alec Shelbrooke","Conservative","Elmet and Rothwell","No",""
"Tommy Sheppard","Scottish National Party","Edinburgh East","Aye",""
"Paula Sherriff","Labour","Dewsbury","Aye",""
"Gavin Shuker","Labour","Luton South","Aye",""
"Tulip Siddiq","Labour","Hampstead and Kilburn","Aye",""
"David Simpson","Democratic Unionist Party","Upper Bann","No",""
"Keith Simpson","Conservative","Broadland","No",""
"Chris Skidmore","Conservative","Kingswood","No",""
"Dennis Skinner","Labour","Bolsover","Aye",""
"Andy Slaughter","Labour","Hammersmith","Aye",""
"Ruth Smeeth","Labour","Stoke-on-Trent North","Aye",""
"Angela Smith","Labour","Penistone and Stocksbridge","Aye",""
"Cat Smith","Labour","Lancaster and Fleetwood","Aye",""
"Chloe Smith","Conservative","Norwich North","No",""
"Eleanor Smith","Labour","Wolverhampton South West","Aye",""
"Henry Smith","Conservative","Crawley","No",""
"Jeff Smith","Labour","Manchester, Withington","Teller - Ayes",""
"Julian Smith","Conservative","Skipton and Ripon","No",""
"Laura Smith","Labour","Crewe and Nantwich","Aye",""
"Nick Smith","Labour","Blaenau Gwent","Aye",""
"Owen Smith","Labour","Pontypridd","Aye",""
"Royston Smith","Conservative","Southampton, Itchen","No",""
"Karin Smyth","Labour","Bristol South","Aye",""
"Gareth Snell","Labour","Stoke-on-Trent Central","Aye",""
"Nicholas Soames","Conservative","Mid Sussex","No",""
"Alex Sobel","Labour","Leeds North West","Aye",""
"Anna Soubry","Conservative","Broxtowe","No",""
"John Spellar","Labour","Warley","Aye",""
"Caroline Spelman","Conservative","Meriden","No",""
"Mark Spencer","Conservative","Sherwood","No",""
"Keir Starmer","Labour","Holborn and St Pancras","Aye",""
"Chris Stephens","Scottish National Party","Glasgow South West","Aye",""
"Andrew Stephenson","Conservative","Pendle","No",""
"Jo Stevens","Labour","Cardiff Central","Aye",""
"John Stevenson","Conservative","Carlisle","No",""
"Bob Stewart","Conservative","Beckenham","No",""
"Iain Stewart","Conservative","Milton Keynes South","No",""
"Rory Stewart","Conservative","Penrith and The Border","No",""
"Jamie Stone","Liberal Democrat","Caithness, Sutherland and Easter Ross","No Vote Recorded",""
"Gary Streeter","Conservative","South West Devon","No",""
"Wes Streeting","Labour","Ilford North","No Vote Recorded",""
"Mel Stride","Conservative","Central Devon","No",""
"Graham Stringer","Labour","Blackley and Broughton","Aye",""
"Graham Stuart","Conservative","Beverley and Holderness","No",""
"Julian Sturdy","Conservative","York Outer","No",""
"Rishi Sunak","Conservative","Richmond (Yorks)","No",""
"Desmond Swayne","Conservative","New Forest West","No",""
"Paul J Sweeney","Labour","Glasgow North East","Aye",""
"Jo Swinson","Liberal Democrat","East Dunbartonshire","Aye",""
"Hugo Swire","Conservative","East Devon","No",""
"Robert Syms","Conservative","Poole","No",""
"Mark Tami","Labour","Alyn and Deeside","Aye",""
"Alison Thewliss","Scottish National Party","Glasgow Central","Aye",""
"Derek Thomas","Conservative","St Ives","No",""
"Gareth Thomas","Labour","Harrow West","Aye",""
"Nick Thomas-Symonds","Labour","Torfaen","Aye",""
"Ross Thomson","Conservative","Aberdeen South","No",""
"Emily Thornberry","Labour","Islington South and Finsbury","Aye",""
"Maggie Throup","Conservative","Erewash","No",""
"Stephen Timms","Labour","East Ham","Aye",""
"Kelly Tolhurst","Conservative","Rochester and Strood","No",""
"Justin Tomlinson","Conservative","North Swindon","No",""
"Michael Tomlinson","Conservative","Mid Dorset and North Poole","No",""
"Craig Tracey","Conservative","North Warwickshire","No",""
"David Tredinnick","Conservative","Bosworth","No",""
"Anne-Marie Trevelyan","Conservative","Berwick-upon-Tweed","No",""
"Jon Trickett","Labour","Hemsworth","Aye",""
"Elizabeth Truss","Conservative","South West Norfolk","No",""
"Tom Tugendhat","Conservative","Tonbridge and Malling","No",""
"Anna Turley","Labour","Redcar","Aye",""
"Karl Turner","Labour","Kingston upon Hull East","Aye",""
"Derek Twigg","Labour","Halton","Aye",""
"Stephen Twigg","Labour","Liverpool, West Derby","Aye",""
"Liz Twist","Labour","Blaydon","Aye",""
"Chuka Umunna","Labour","Streatham","Aye",""
"Edward Vaizey","Conservative","Wantage","No",""
"Shailesh Vara","Conservative","North West Cambridgeshire","No",""
"Keith Vaz","Labour","Leicester East","Aye",""
"Valerie Vaz","Labour","Walsall South","Aye",""
"Martin Vickers","Conservative","Cleethorpes","No",""
"Theresa Villiers","Conservative","Chipping Barnet","No",""
"Charles Walker","Conservative","Broxbourne","No",""
"Robin Walker","Conservative","Worcester","No",""
"Thelma Walker","Labour","Colne Valley","Aye",""
"Ben Wallace","Conservative","Wyre and Preston North","No",""
"David Warburton","Conservative","Somerton and Frome","No",""
"Matt Warman","Conservative","Boston and Skegness","No",""
"Giles Watling","Conservative","Clacton","No Vote Recorded",""
"Tom Watson","Labour","West Bromwich East","Aye",""
"Catherine West","Labour","Hornsey and Wood Green","Aye",""
"Matt Western","Labour","Warwick and Leamington","Aye",""
"Helen Whately","Conservative","Faversham and Mid Kent","No",""
"Heather Wheeler","Conservative","South Derbyshire","No",""
"Alan Whitehead","Labour","Southampton, Test","Aye",""
"Martin Whitfield","Labour","East Lothian","Aye",""
"Philippa Whitford","Scottish National Party","Central Ayrshire","Aye",""
"Craig Whittaker","Conservative","Calder Valley","No",""
"John Whittingdale","Conservative","Maldon","No",""
"Bill Wiggin","Conservative","North Herefordshire","No",""
"Paul Williams","Labour","Stockton South","Aye",""
"Hywel Williams","Plaid Cymru","Arfon","No Vote Recorded",""
"Chris Williamson","Labour","Derby North","Aye",""
"Gavin Williamson","Conservative","South Staffordshire","No",""
"Phil Wilson","Labour","Sedgefield","Aye",""
"Sammy Wilson","Democratic Unionist Party","East Antrim","No",""
"Rosie Winterton","Deputy Speaker","Doncaster Central","No Vote Recorded",""
"Pete Wishart","Scottish National Party","Perth and North Perthshire","Aye",""
"Sarah Wollaston","Conservative","Totnes","No",""
"Mike Wood","Conservative","Dudley South","No",""
"John Woodcock","Labour","Barrow and Furness","Aye",""
"William Wragg","Conservative","Hazel Grove","No",""
"Jeremy Wright","Conservative","Kenilworth and Southam","No",""
"Mohammad Yasin","Labour","Bedford","Aye",""
"Nadhim Zahawi","Conservative","Stratford-on-Avon","No",""
"Daniel Zeichner","Labour","Cambridge","Aye",""